0 57600.0
0.5 39.97224149895905
1.0 19.993057965984033
1.5 13.330247627863919
2.0 9.99826419024475
2.5 7.998889043188447
3.0 6.665895151024188
3.5 5.713718877095527
4.0 4.999566009894974
4.5 4.444101535375356
5.0 3.999722241511006
5.5 3.63613408244429
6.0 3.333140443261385
6.5 3.076758720153838
7.0 2.8570011408164278
7.5 2.6665432155918705
8.0 2.499891497764854
8.5 2.352845063518647
9.0 2.222136491647699
9.5 2.1051862139541684
10.0 1.9999305579667372
10.5 1.9046989186865513
11.0 1.8181244278905337
11.5 1.7390779263911114
12.0 1.6666184427533925
12.5 1.5999555567900892
13.0 1.5384204481717902
13.5 1.4814433785139272
14.0 1.4285359986111454
14.5 1.3792773161562222
15.0 1.333302469850235
15.5 1.2902936762169306
16.0 1.2499728738525642
16.5 1.2120957050567118
17.0 1.176446559506546
17.5 1.1428344675700879
18.0 1.11108967805405
18.5 1.0810607909010717
19.0 1.052612342610698
19.5 1.0256227631274373
20.0 0.999982639190292
20.5 0.9755932318219543
21.0 0.9523652056017593
21.5 0.9302175352465238
22.0 0.9090765612916464
22.5 0.8888751716794494
23.0 0.8695520900952582
23.5 0.8510512551528494
24.0 0.8333212771805963
24.5 0.8163149615226543
25.0 0.7999888890432078
25.5 0.7843030459824893
26.0 0.7692204965211469
26.5 0.7547070924123112
27.0 0.740731214876352
27.5 0.727263544652214
28.0 0.714276856685805
28.5 0.7017458364298681
29.0 0.6896469151470888
29.5 0.6779581219618414
30.0 0.6666589507065891
30.5 0.6557302398652111
31.0 0.6451540641345863
31.5 0.6349136363135327
32.0 0.6249932183895573
32.5 0.615378040832897
33.0 0.606054229227386
33.5 0.5970087374716265
34.0 0.5882292868741128
34.5 0.5797043105443785
35.0 0.5714229025505699
35.5 0.5633747713735194
36.0 0.55555019723961
36.5 0.5479399929604931
37.0 0.5405354679479359
37.5 0.5333283951074527
38.0 0.5263109803455743
38.5 0.5194758344531525
39.0 0.5128159471514676
39.5 0.5063246631095015
40.0 0.4999956597598979
